0,1,2,3,4,5,6,7
0.5704844642162631,1.6260051866502117,-0.6285306858959178,-1.8737979838274048,0.9055885665855326,-0.8951291678661978,0.3488890470617677,0.5012937462992063
0.6751839088130775,1.6286594974487507,1.1162387923184707,-0.13449116333871025,-1.7035179604300243,-0.2213052698834219,0.4426129920608706,-0.11325406864735
0.6161212679832214,-0.6340854898573219,-0.9846408626018045,-1.5455005031407185,1.0557918246006164,-0.12366584201375563,-0.12706593988068068,1.9615785278931686
-1.8890689279979112,-0.9048597772574759,1.1162387923184707,0.09186091424557019,0.3543066472368507,-0.15375912811773484,-0.16301416201752283,0.709363424442538
0.6495105438436317,0.5750473584419277,1.1162387923184707,-0.47321299280179635,-0.11701246859028021,-1.0906428377471251,0.0031693561000984195,0.6171602568328292
-0.6502812161384525,0.2396737509937358,-0.003208031106236652,-0.6420163937816578,0.7741452650429462,-0.18050631269670311,2.069182116774262,0.2667940550645985
-1.8880463933965115,-0.6716413846237027,-0.8295881062370539,-1.2070002542977718,-0.978548912491924,1.759688791494079,-0.3750731416617749,-1.890312044840474
-1.8769918929474338,1.6281488724027864,-0.8006222066963754,-0.37466590188234294,-0.7544347929104591,-0.8177208321329227,-0.12870796380371463,0.720161520753408
0.6447943494733982,-0.864992215833071,-0.71883613740505,1.8819097570698937,-2.352977424302347,-0.34185761456436914,1.0565172577372302,-2.688032567370126
0.6492504031537347,-0.8936616466978656,1.1162387923184707,0.3153795525447811,-2.0604126080109615,-0.36087756007299093,0.2553979532288079,-1.546233518313334
0.6445804059390385,-0.6340275576941884,1.1162387923184707,-0.10343405263176833,-0.06687038791678233,-0.7965875593457127,0.6297819288832702,0.44154182314093543
-1.8833516074641865,-0.624554474721835,1.1162387923184707,0.46448364716327517,-0.08351074384924127,-0.22312198982494946,-0.01258852691302595,1.9042745752710035
0.6684388424134785,-0.6466143825966281,1.1162387923184707,0.01303038678188289,0.3954088824127788,-0.5132410416867753,-0.06719797815706163,-0.4644082946899758
0.6478089955627143,-0.37562740698946173,-0.9147819284154931,-0.7512963815225644,1.0186211711337287,-0.837232033544209,-1.0232547917958383,1.3774108983838669
0.6312501321994192,-0.8923116763154298,-1.3458626686383843,0.43851817256092207,1.263000224963599,-0.10736479709766997,-0.8887597421547099,1.7653455466987305
0.6358949181615225,-0.8973900231559857,-0.3047941616178863,-0.8197125911862088,1.4576121233445407,0.781777489854961,0.032065951701006276,1.0530062226449268
0.6291770348443078,-0.6444640145144275,1.1162387923184707,0.09467408068386214,0.35015676295453263,-0.04296392897198236,0.17517451354202768,-0.8448532922747578
0.6658954636487169,-1.6091347955296866,-1.1550285069586816,-0.12726255796713312,1.4453411862234995,0.9673980691710097,0.9059833909615261,0.9580133513859642
-0.6934504861658489,0.9203486294632887,1.1162387923184707,0.08702856839689978,0.6112260258628214,2.3961851690690925,-1.1346898322964043,0.7751695422355679
0.6429667449296379,1.6286137276847372,1.1162387923184707,0.38913018795507337,-1.934392068048001,-0.1777039912906167,-0.37157461141910453,-0.619231263348724
0.6443309694680872,-0.9369743963978308,1.1162387923184707,-1.0479528006962193,0.17386942732276725,1.3725636920140267,0.25639112738271913,-0.1959305881465971
-1.8614717613589635,-0.643981908197414,-0.14122202303531062,0.14588655051351634,0.25912639676777716,-1.4090569937302573,0.17701211083426222,0.8046153874735942
-0.5890805484147646,-0.6487516376554242,-0.003208031106236652,-0.015144085373879053,1.0041143163095927,-1.6933983818332123,0.7435440403569765,0.37545666964049385
-1.9132828572180705,-0.6771805885322435,-0.8006222066963754,1.1698121881626664,0.0349808212474183,1.7236417310246064,1.4300209731443025,0.10268440529767557
0.6120243690182687,-0.9092816061817832,1.1162387923184707,0.6721672650007972,1.0571851666456125,-0.12617464574226386,1.061458816900173,0.3307365363617183
-1.8825078051505508,-0.657453512685879,-0.8295881062370539,-1.8654611839212962,-0.23097856713691414,-0.2881222519447349,0.05000521613320034,-0.3723022864947569
-1.8828345655190586,0.1804209004376479,-0.8295881062370539,-1.4580198542355614,0.57763190443446,0.10406679988849078,0.4220893137967663,1.130451210220705
0.6586575806416264,-0.6498160852338598,1.1162387923184707,-0.2019779472765311,-1.8096191708204123,0.4011252275808113,-0.4410163037630398,-1.6750402854985884
0.6486492767516964,-0.821953176032222,0.42787270911665104,-0.7860551185168553,-1.0383326080213215,-0.4288191782882818,0.21236406830677484,-0.8278805476545787
-0.6266732020498595,1.0103189046681404,1.1162387923184707,-0.7584428494371975,0.7216751369027831,-0.5709002722072443,-0.20106506800223511,-0.18045264670277522
0.6451920957150633,-0.6540215073325819,-0.558671751709616,-1.3844832194086902,-0.8774032854974108,0.24560411368846546,0.047427465482369875,-1.3838552938613518
0.6385847757121744,0.10901967713717842,-1.1550285069586816,-0.25467289362931783,0.6263617530735539,-1.9532511266443613,1.0221316416083077,-0.31081266162386173
0.6451557577085697,-0.5732330071839737,1.1162387923184707,-1.0368361400502388,-0.5374106612674727,-1.2159347205065034,-0.17567798788845138,-0.38357054502994575
0.6489404033386272,-0.8926953650580138,-1.3458626686383843,-0.6038298200871922,1.16315537906595,-0.3752630159355748,-0.6920550728527767,0.527849536161269
0.6352550593882438,-1.0086757793205434,-0.6557927089930424,-0.5051698553055304,0.5656536800188813,-0.7767890195762556,0.3670289272704684,0.029944390289661726
0.6335621026515041,-0.6382809863199789,1.1162387923184707,-0.18267259573969635,-0.38653910827920207,0.23607560297558433,-0.4148789854760654,-0.7838271289789028
0.6817389753260179,-0.1598567727297127,1.1162387923184707,-0.28111111223664864,-1.492985496843528,0.6983134209835978,1.5456055546882679,-1.904473867088712
-1.9896371778755848,1.6301316510130839,-0.8772966466569823,0.030814606900741337,-0.9129333023187993,1.75734991905247,0.21985546479438337,0.671662221282048
0.6460751937799057,-0.9061342009677225,1.192913232278994,-0.21954229331997788,0.1755301448483065,-0.1628303691854829,-0.9445986403523551,-1.0960494659436895
0.6182946469686511,-0.6073078992048538,1.1162387923184707,-1.2970974887922515,0.5096906080433399,-0.9227260088804838,-0.21535669100416735,-0.5991471839139564
-0.616589968627146,1.6041565410459837,1.1162387923184707,-0.4569454400876393,-0.5875467464225964,0.2518823023293332,0.5323986368655368,-1.032716045746587
0.6514315286134229,1.6038718849876714,-1.3254161513155576,0.07752791800624302,1.1822218666818396,1.2343199555232456,1.3279230302925296,0.7996814760554765
0.6245906995515493,0.2688711651177836,1.1162387923184707,-0.18951314404111733,-1.1926609880065218,-0.8429231868298572,0.43319107391775746,0.09147086873157999
0.6475287140397401,-0.12949313364828755,-1.431056490816821,2.1229936468018313,2.6155858037188957,3.1135149420391213,-2.4078062382809846,-0.06175622862424954
0.6361542137815436,-0.19359814770081393,-1.2487417113549846,-0.824286686900723,0.053359713248762666,2.4524862900889404,-1.320652553256045,-0.4394159896593532
0.6412230839977685,-1.264709294915167,-2.024005493178704,1.6463470239885445,1.7155997719368743,-0.8742368885401164,-0.8446534452496242,1.4532348872218914
0.6438354768058615,1.612059667989422,-0.9267090635204512,-0.6165509536747246,-1.4062272249575274,0.4046103637953046,0.8132484781389048,-2.105541366736923
0.653411104897527,-0.8896943839454553,-0.4956283232975987,-1.3807870488244944,-0.21587257112690877,0.24081514105376262,-0.4326729205261576,0.8130291694164689
0.6522402605254394,-0.9025052765869508,-1.1550285069586816,0.3454822939030009,3.1557969983824066,2.122994668926949,-0.6789336485185118,0.5637739504883281
-1.8770465408021637,-0.6427960603041559,-0.15314915814027,0.2804987048021997,-0.1647188904552809,-0.8636455348684704,-0.26048317495948153,-0.23884210450790913
0.6356821013870437,-0.6122657264560405,-0.558671751709616,-1.7926287824300433,0.8768049041561191,0.017210284596022998,-0.2252673624843177,1.9101398769386566
-0.7259803259191475,-0.12999218344544125,1.1162387923184707,-0.305360309758167,-0.6594748982743801,-0.8669082155794253,0.5151518030085189,-0.9678626949383017
0.4271102539536764,-0.9230207834507341,-2.024005493178704,1.9275212625399498,1.4812277310624111,1.1644380309753055,-0.7840372262984824,1.0043974792353847
0.6441850540621633,-0.408553985098624,-0.9778253568275552,-0.21772917018302684,-0.20656284517192486,0.8218194803993714,0.6092078265460595,-0.43207207805105785
-0.7824621232178761,0.22767528797327558,-0.890927658205521,1.8662362355355648,0.770225530642484,-0.11846285497103676,1.0614011893880624,0.3530508152310211
0.6383222406574874,-0.907383013740986,-2.0614907749372255,-2.568266768763131,1.178334804381785,-0.9610928420773033,-0.03488677237795041,0.9188768443354752
-0.6268788357300377,1.6249247462159297,1.1162387923184707,-0.33572070845277063,-1.0624232579076685,-0.9402814556607604,0.19363926885019617,0.042589632251396205
0.6570637787753415,-0.8997978147063053,-1.286226993113447,-1.6927282956315828,0.9582028540905313,-1.1305797798600905,-1.134441493736449,1.1136057779368005
0.6373022412658456,0.10400921605534637,0.09732067906433502,-1.7182432334749005,-0.9339212303792851,-0.30449126937569404,-2.495434048829834,0.6290148221797884
0.6248453472869927,1.5903924238689668,1.1162387923184707,0.3828672883351895,-1.5083994818113151,-0.7901301704381074,0.6415928675750603,0.33639858500128955
0.6815032008187512,-0.5452247931363193,-1.4753572783496176,0.852406908590827,0.611598610371352,0.4459036665442337,1.1587376590522291,0.1957430224651572
0.657440820803963,-0.0558775149231528,-0.8858160288748121,0.16444849698511194,-0.04777281394875878,-2.1817623628073166,0.15257696518609412,-1.133265988806443
-0.6396695323267052,0.467739552084493,-0.003208031106236652,-1.894038248149158,-0.057908106358322886,-3.033323598542773,1.4802451508031882,-0.7446667996125922
0.6976117827604623,0.6215234363129517,-0.8824082759876754,0.4072534031125273,-0.10194433468948448,1.0150962366113474,1.6012809348203645,0.5161312173496148
-1.866833870836939,-0.6414241976033203,-0.71883613740505,-0.028134290223562685,-0.4252499529261499,-0.16868218477888736,-1.9851233400303705,-0.7689427533835624
-1.869704995885078,-0.6437539540825509,1.1162387923184707,0.15804887113021046,0.36111632415854844,0.8401720593988321,0.14411994769871248,0.6851818979744994
0.6535740625468125,0.5945284183117562,-0.38658023090919713,-0.3194901711743525,-1.4885789550963942,-0.5009441958248967,0.10511026398137782,0.40246475332880943
-1.908325958766031,-1.87045044002366,-0.8295881062370539,0.6676541143017577,0.0033170103456296915,0.45515101821898385,-0.5898085590713484,0.07128627955759838
-1.8775542869782058,-2.2135154115403854,1.1162387923184707,-0.846390650109488,-1.5478499106088766,-1.3795754602596333,-1.0561527176825802,-0.8984864058676646
0.6582609611598853,-0.9139560215741057,0.3648292807046555,-0.3098953538460379,0.6206146791213883,-0.29176805046654186,-0.6125604411081581,0.6324812914060955
0.6352282988408149,0.6147240960181798,-0.9437478279561666,0.07513241157619724,-0.4679127476185506,-0.006981751357331777,0.9105590154226382,0.9191216662038231
0.6379722408662476,-0.8864902208688619,1.1162387923184707,0.7788268967898411,0.8072145938198577,-0.6633614303113791,0.20982539631260488,0.9806313930225181
0.6307035128071257,-0.9152681627013719,-1.0579075496752166,1.6086883129553007,1.2356270698304161,-0.4326750736742431,-0.3013608904988943,0.6401189148076663
0.644693786153101,0.607773550540877,-0.13270264081742747,0.43287546136661564,0.9342918233643686,1.2254155560823452,-0.7446419785079657,0.6478157272779101
0.6294704149510175,2.386772818355853,-0.5757105161452746,-2.054995931654706,-0.8386828253267147,0.3276660852757227,-0.4332322675655193,-1.4672148528560818
-0.6428948825156803,-0.2289490694069067,1.1162387923184707,-1.4172226248320536,-0.3166861038945549,1.1125132089775385,-0.6567924380240405,-0.8002805732800523
0.6300923864110413,-0.9137302483032242,-1.3271200277591357,0.40303307072771044,0.8480231307256458,0.06474778972879407,-2.1134349576226747,0.8638770464596571
0.6433620968065131,0.6023523079239668,-1.3833479503968988,2.6338794950833107,0.8280956702445965,-1.0467140552190204,2.2192711711908824,0.19685309669548376
0.6543089916859693,-0.529531369965802,-0.9437478279561666,-1.0250946670186356,0.35877248712465115,-1.0091005372496196,-0.636620467669754,0.7588789890543293
0.632532807490733,1.6184889078771667,1.1162387923184707,-0.07614090584468043,-1.9826376759150872,-0.0037808638415900006,-0.2746660260323165,-1.06922900043516
0.680891088507771,-0.9046539670968593,-1.3271200277591357,1.071548025246514,1.0029198119357379,1.0757647957419425,-1.872673695144847,1.0336927178770943
-1.8951466708518596,-2.0260991274050455,1.1162387923184707,0.18570076954363282,-1.4842632495592136,-0.012672904643422505,-1.4204034355914033,-0.9927243373080237
-0.6356891121655218,-1.2116604608468622,-0.003208031106236652,-0.3137649308115654,1.4952413107717757,2.8294661827667245,0.8797207328357067,0.905944839399407
0.6231673201188036,0.09408819332164607,0.38527579802743267,-1.0859462137085454,0.6554828071399093,-1.2192530150933902,0.2641222183035005,1.2517675821667955
0.6447787156799221,-0.9475066783219783,1.1162387923184707,-0.08063015562208509,-0.2101167092231502,-1.304379320918122,0.24602753967462135,0.32573450167596363
0.582932132848501,0.016727953646707875,-1.4753572783496176,0.037112044249713816,1.3699145262025132,-0.5583129983275861,1.1223458851581771,1.138179292387545
0.6401566057606017,0.5993052774519992,-0.38658023090919713,-0.43558292151038175,-0.7800143024839103,0.7586359382206077,0.11668781124915782,0.49726442253359476
0.6462437852286559,1.6179427182986204,1.1162387923184707,0.04109118493313567,-1.8917743629390213,-1.4641888825633,0.39518464916892304,-0.5471758313419203
-0.6152941947520878,-0.14441924923248006,1.1162387923184707,-0.03478209787692876,-0.7472498622426047,-0.5999430739905781,0.438974895187325,-1.1119389389306606
0.6417064639911543,-0.6484780815337726,1.1162387923184707,0.057381683761881255,0.4441246046250168,0.6129955562541356,0.1261360219447079,0.10612518870171998
0.6219615461900647,-0.9038152648297707,-1.1550285069586816,1.3991709099364713,1.0879287065415482,0.8562135728949977,-0.7027302092982055,0.3684198711241335
-1.8672924621127132,-0.6492592710308036,-0.26730887985938157,0.03774938538155736,-0.005792892373539611,0.16899291017450105,-0.0791837803309094,0.06095834547107379
0.6501302617838939,-0.90655415323134,-1.3458626686383843,-0.6306157262445338,1.057889927511399,0.9890442254789686,-1.1958735021557425,0.560072958537312
0.6471008269710036,0.4424458375115028,-1.526473571656621,0.1159675328374822,-0.7589330743018167,1.13372681291869,1.0244871661655892,0.30781138163323823
-0.6252330620637396,1.6437963440722851,1.1162387923184707,0.10242515503591423,-1.5565722400235813,0.519193485811892,-0.1943955839059968,0.25953655391266944
-1.8829178049060238,-0.6443558949802457,1.1162387923184707,0.5019035882634231,-0.053058520442168196,-0.016120964940332667,-0.017935639692367344,-0.040005921069116046
0.6549861743806462,0.6255905425762465,-0.003208031106236652,0.7755425116955997,0.7100573006330091,0.16121932620793444,0.9216922905892646,0.44011123452020157
0.6551103996586827,1.610446318757235,1.1162387923184707,-0.16720202918173213,-0.1634649236799794,-0.3147056845560851,0.29378850136299467,-0.6338699484705415
0.6511461766709418,-0.9067247623333746,-1.1550285069586816,0.7567449493137244,0.8819877423376352,-0.9333976937062608,-1.5754095574783682,0.07144597836543655
0.683605171396068,-0.40201268338181156,-1.715603856892805,-1.3256132839437715,-1.5894455851603593,0.07540711591569287,-1.7484768620027882,0.27134756503936286
0.6546749069606641,-1.1498272990699794,-1.4838766605674025,-2.204156657277897,1.4433327696972242,-0.8321001086757197,-1.110993759490931,1.4531354942576138
0.6465205456269679,-0.9000339050467837,1.1162387923184707,0.4785312610225033,0.6879801593570372,-0.705078016448542,0.05645985766086148,-0.28175417925662233
0.6463549119229223,-0.6334002015762812,1.1162387923184707,0.9093686067590845,-1.460054906825798,-0.28062055803671376,0.15854015208706046,-0.9781615928780001
0.6402922394825267,-1.1421614367676196,-0.003208031106236652,0.8984824203845976,1.18626153198246,0.08814887278325723,0.4761801174319379,0.5501705156798636
-1.8794318914921704,0.354769842342692,0.2932664700747635,1.4459934743591236,-0.03335815048598278,-0.8201678426657121,0.7527320268182126,0.2198117546703476
-1.9317097476362652,-0.6671700393572574,1.1162387923184707,0.41616855381245177,0.04907497086813478,1.131316878302788,-1.3947238958536805,0.14656807419163567
0.6133460583708192,-0.4053503252937218,-0.9778253568275552,0.7540676009462829,-0.1441378363406215,0.8273994059335348,0.6503801627411674,0.3329041964030078
0.6296201331715824,0.643268967140342,-0.2536778683108429,0.41199252548691323,1.1263838792883536,-0.05353674468521615,-1.8499419827372672,0.4163864689779381
0.6390449162827934,0.5059376988915167,1.1162387923184707,-0.09834741371817873,0.23984916257438063,0.14912639789010726,1.1193762674250247,-0.13096053436344993
0.587492411818782,1.6071273817763794,1.1162387923184707,0.0361306917838812,-1.2698902868647926,-0.3109671962419011,-0.35224634385922643,-2.183356565185296
0.6664134915087665,-0.6437252116772897,-0.3013864087307616,2.7080613681143255,1.229157002066164,0.7356797661727787,1.6992116882031005,0.8968487080050251
0.6704643341631755,0.6152030149478437,1.1162387923184707,0.23356702467768753,-0.5668267276901907,-1.7673586572697038,0.5695975561009927,0.1347782817876607
-0.6066027914851716,-0.6572669946066162,1.1162387923184707,0.2482513589023509,-1.1098827136937206,-0.04038097340881381,0.2531011366994747,-0.10530374827946636
0.6251794315947863,0.6269559466237596,-0.2536778683108429,0.15122384931910357,1.3861913730344084,-0.11552767819493877,-2.046878962947373,0.8549361467735737
0.661508424011755,0.6123038065542927,-1.1379897425229808,-0.3382584282414694,-1.3497374507989943,-0.3803485959074015,0.7546805570711794,0.7138874794798303
-1.892132447297516,0.3357266148611547,1.1162387923184707,-1.5976877202069788,-1.6724190012768068,-1.6346670393748357,-1.0305145977192125,-0.8728547472184622
0.6458961798021715,0.8951442563367129,1.1162387923184707,-0.11007288239720134,-0.2680950145472282,0.798319528232681,0.6987206410981553,-1.7703704227711636
-1.883364706047948,-0.6585738513811571,1.1162387923184707,0.5051490151606405,0.14335441523349673,1.4094295123209575,-0.22992726718187712,0.2667196499382975
-1.881619073286261,-0.6436073063047402,-0.14122202303531062,0.7796847805525411,0.4558765598196055,-1.596704389851482,0.25891161069337326,0.9154966149446453
0.6500012477763293,-0.46796413888421473,1.1162387923184707,-0.9878718082519818,-0.563581016857523,1.505661085224536,0.21817508255860377,-1.4631070738906813
-0.6321482692069337,-0.655698995745373,-0.003208031106236652,1.41971388924513,1.2452556259544942,0.35887104064533276,1.6228354252072166,0.5816490492112523
-1.891334419604454,-0.6464674552234397,-0.14122202303531062,0.17109511561505839,0.32575754919768485,-1.1953514071575622,0.5958105104976207,0.6470954074805777
0.666098843809116,1.3632662188900617,1.1162387923184707,-2.6135601013216143,-1.9577931101252826,0.14193058029936448,-0.4660988584925585,-2.0281174117510012
-1.9101335633217338,-0.6569812481263083,-1.0527959203445452,0.6492476098101857,-0.6824259890169475,-0.5443044809561939,0.8140505810730314,-0.505994757656584
-1.8855083667412356,-0.6645322526457845,1.1162387923184707,0.6641881848482936,-0.9904131399279282,-0.1215586940548278,-0.3755305600391325,-0.6174332557925661
0.6372285089154482,-0.6530408544900965,-0.8193648475756218,-0.3690102780817211,1.2600862387710459,-0.06022894773441608,-1.5165790710585767,0.6736511973426714
0.6514175849597594,-0.6552379988796924,-1.2998580046619892,-0.2033793711319995,1.1344699445814772,-0.3641525994230769,-0.2988006081876936,0.4250515252687629
0.6222990812000062,-0.6778242171013824,1.1162387923184707,0.13031314515684353,-0.2408806174555017,0.08258748520775884,0.4185882623504746,-0.05457759969817475
0.6498542056105073,0.3530925216871284,-1.1754750242815108,0.046538114570292145,-1.4661896362128268,0.804956117406518,-0.3717989985443576,0.4401224022690021
0.6386715362238103,1.6411628072106212,1.1162387923184707,-0.7362429683936711,-1.0023765808735305,0.6554258537963634,-1.3760911203305186,-0.8170042771021315
0.6199085896680132,0.08956928888074016,-1.9234767830082014,0.4735831957123356,0.8858929601918941,0.9307485250478936,0.21037087673184193,0.24847936582971922
0.6204261949931076,-0.904783279960993,1.1162387923184707,1.3626792565824575,0.8182423232465353,-0.21202393195145625,1.1468753958574507,0.5369132810841094
0.6572382857135005,0.9774900816139119,1.1162387923184707,-0.6518574076408243,-1.094988687091459,-1.4389312847499836,-0.4941319418417797,-1.4790226823134698
0.6338177363018346,-0.6413593594342547,-0.5177787170639794,-1.149650669747498,1.1641973673079158,-0.6368645081733145,0.43882794503144934,2.2157576072655
0.6239976013137396,0.6095216367876078,1.1162387923184707,0.8687227589645509,0.5472453032079754,0.23385722726479247,0.4464102849366197,-0.5216519414685847
0.6438371669457,-0.718845500909664,-0.7035012494129297,0.0863182701843098,1.3137830047996597,2.9836482381178904,-0.10846053742578196,0.8096230060336777
0.608808244175874,0.5917032747348654,-0.8824082759876754,1.5484529517475227,-0.9730554571801967,-0.031902947015756064,1.1335580379820336,0.8183450178434013
0.6647754643167183,0.5972723673897328,-0.15144528169667257,0.7312138107280045,0.014667922851995314,-0.4835061561156388,0.39467140413923607,0.6915441644635898
0.6429837871729996,-0.3063735601006053,-0.003208031106236652,0.9854852554309184,1.1010887872511095,-0.33214990358506663,1.3339234949903866,0.5973252181961926
-1.8902532934887242,1.5666163135578657,1.1162387923184707,0.3591530104727262,-0.04487956567937997,0.24231671569918514,-1.427192496775231,-0.07000026078544415
0.6114547918931788,0.399262554453128,1.1162387923184707,-0.20881163255947718,-1.2232369408442283,-0.31239461905272653,1.0357472218588617,-0.73793326530165
0.6731947550698915,0.5987230200691934,-1.3833479503968988,0.6099502435076286,0.810956043678961,-0.007933366564928067,-1.745255484076137,-0.05222455502683789
0.6950938969382551,-0.9089622243770414,-0.9096702990847673,1.5532235401097678,1.092088939252845,0.8630293623348133,-0.0660194955345175,0.35223445279407695
-0.6171739823633344,0.6215477890707177,1.1162387923184707,-0.21840870400377987,-0.13590902843186184,-0.6281640262770345,-1.3210264117407835,-1.5071398829996703
-1.8989520206949349,-0.6458302853076259,1.1162387923184707,0.8391535067811138,-0.16382416200033736,0.9415685135416636,-0.7922698566605879,-0.24553158603674796
0.6010387417675721,1.617964806333792,1.1162387923184707,0.34693569213627823,-1.5568987083188328,1.0759872512444693,0.939412750561442,0.2138146735668756
0.6486725161744719,-0.816986807142119,0.42787270911665104,-1.3363291184323307,-1.4603656060864048,0.13504372868449732,0.1149415175464138,-1.67964028122767
0.6761609504838654,-0.8877386422085866,1.1162387923184707,1.4975150671892727,0.06637770838579851,-0.9882020786046364,0.6422582852539135,-0.3291221857749508
0.6424068861086065,-0.14702057670615734,1.1162387923184707,-0.8639679486898315,-0.23174303679531386,0.22550278726209763,0.6348621542472522,-1.8005702490654194
0.644204772360242,-0.6557272628384843,1.1162387923184707,-0.5102717712337114,-1.3360784279778302,-0.5305987502421551,-0.3204314550281085,-0.8608053046549836
-1.8805752710919121,-0.6606343015885452,1.1162387923184707,0.6454775120877306,0.27105714981865003,-0.3424879051563896,-0.4048743091167842,0.5467085135531232
0.6246453474063139,-1.4040443778150118,-0.9829369861582459,-1.2708149520960883,-0.8105866005193336,-0.4515158189168229,-1.708450232782744,0.8966175356049331
0.659520256183456,-1.1492043325995631,-2.024005493178704,2.4882410320396335,1.5933433498203187,-1.254821178299203,1.062362848496321,1.7899793669929909
0.6346218203292822,-0.9132268647776461,-1.3458626686383843,-0.21906748311449104,1.2691967164029478,-0.22209004346322214,-1.158483331614483,1.427468657199708
0.6427057591698131,0.08856475859264902,-0.23834298031870674,-1.4186050660122642,-2.194128683268579,1.1011741576429166,-1.2499664668225838,-1.6054562763003117
-1.8742251340342155,-0.654922838965214,-0.14122202303531062,-0.8980932359342124,-0.5373063556737757,1.134777297238703,-1.572920769299351,-0.9248288917277141
0.6575112432971716,-0.9508654918175324,-0.9147819284154931,-1.067164560106805,-0.6967265323045677,-0.22926732309561595,-3.08335244852443,-2.409721706267706
0.6599301150939265,1.6217762226203398,1.1162387923184707,-0.2333992271030059,-0.44840464490240306,-0.46067974977758025,0.368828346335936,0.33775211615535133
-1.8322948773523708,-0.6430598026279026,-0.14122202303531062,-0.07344964752300731,-0.5662749757386301,-0.8994546915362969,-0.9314251711712217,0.17861281258691886
0.6472647705352021,1.6153945419070497,-1.3254161513155576,-0.02057278439464249,0.36943670745074914,-0.7203965495592983,1.128241899990374,0.18510462496210295
0.6544877239737075,4.649116272567188,-0.5757105161452746,-2.341492955628638,-2.9717148358964516,3.395797163827866,-1.0352760709068012,-2.532959332900449
-0.6332991135909637,1.617776023531937,1.1162387923184707,0.618249623668616,-1.8551295903512481,0.041649493331747445,0.33987142193325975,-0.45593532367841433
0.6312229491170263,0.6068245199360939,-0.2536778683108429,0.051891381912996734,0.7467680239229402,0.905957095099303,-1.8722425693199034,-0.11975928232101979
0.6524388519562758,0.6068184247567687,-0.9437478279561666,0.4424404763517954,-0.45853485344090905,1.5562068890812342,-0.11213591209624703,0.6064246999151913
-1.8746409084341296,-0.6572900891851607,1.1162387923184707,-0.2816702430587784,0.3878961693634519,-1.298762319466502,-0.6482273689515052,0.8051011845461953
-1.8851970993212364,-0.36103145381930546,-0.8295881062370539,-0.3189318725504715,-1.7588975370587507,0.9796362114970312,-1.090568588255333,-0.7161868664586061
-0.6218515147847984,-1.2314530738507472,-0.003208031106236652,0.3293129578419013,1.0836645378233036,0.3943650520169276,0.9716391358461869,0.45257444217656817
-0.6393374198487204,0.09938166084903371,-0.003208031106236652,1.3493179437290654,-0.22826202239891186,0.610857511696969,1.5217441629574993,0.32596344052630366
0.6328329481567883,0.6318927203426894,-0.7614330484942684,-1.462027074628585,0.4683463346117947,-1.0131479915406274,-1.135884342570714,0.9611503720227664
0.6444344905331147,-0.8944284090731949,-0.6983896200822608,1.484812668641931,0.9877241295412318,-0.0016304606459877405,1.1776989113943754,0.22849467935925602
0.6332904126726904,1.6162493209086017,1.1162387923184707,-0.3583272115638281,-1.1555138648960062,0.8624299683406523,0.01113653973449575,-0.8251109459531426
-1.8789745678212446,-0.8925650456505105,1.1162387923184707,-0.17137217602627602,0.5628325832960104,-0.06522801723295713,-0.5925467663261815,1.0462988727180402
0.6605718048520548,0.10748388766392801,0.38527579802743267,-1.1193195528182984,0.302334455111023,0.7458509261161159,-0.6814215362676469,1.1971271376324792
-0.6269032019126852,1.810137115048909,1.1162387923184707,-0.7863096096961835,-1.0663200163318793,-0.40857263785346676,-0.2738655438720098,-1.5473443370527828
0.6325263286213578,0.0958032034346913,0.38527579802743267,-1.268830974969472,0.6108222728717733,-0.5014879759438212,-1.2805589320531754,1.230528757506508
0.6590580029380259,1.5098159424162645,0.48239675531088083,-1.4730441488001853,0.854682098384012,-0.8764923401679223,-1.8927709298193678,1.6345600405485141
0.6654177174547957,0.6086662985952936,-0.8824082759876754,0.6623572463866152,-0.03718468742782344,0.5824573591444073,-0.1882054886760812,0.7605720197718092
0.6130273261665489,-0.6304645339449321,-0.2570856211979615,-0.726176969225758,-0.3281788966474711,0.29948160065719087,-2.120680716839957,-1.5537306142017897
0.6415057598855153,1.1993636557767084,-1.749681385764163,-0.053040713698075996,0.8511132044716531,-0.7847255147864279,0.4756657918863787,0.35615433262144397
0.6429012520109427,-0.8861027575886206,-1.3271200277591357,-0.5204932586197267,0.13984637993919427,0.11382394542425457,-0.1053605374465478,0.33718926161604684
0.6307756254401553,0.29123472755709695,-0.12077550571240996,0.1764587993441099,-0.26893036273111476,-1.2243447743848774,1.0447252280728132,-0.7332014901367404
0.6423837875308508,-0.8975540617665461,1.1162387923184707,0.7662055896295826,0.9538630843494486,0.30295437823217364,1.3450041850522545,0.9841335990449969
0.6057177530613754,1.6031426722721283,-0.6285306858959178,0.0077746117303169075,0.4264341295420993,0.8602486685468745,0.7901794646995793,0.23796381356340415
0.6163310565904903,-0.6393395903549376,1.1162387923184707,0.5750872712339481,-1.8668137879751259,0.47454172289894725,0.1652897744423165,-0.9221631500901134
0.6220825320334006,-0.10701474668829747,1.1162387923184707,-0.695287406804715,-0.5690410861662417,2.011934793965509,-0.4756498982799602,-1.175781748069773
-1.8969782190552547,-0.6468735395561149,-0.8295881062370539,0.5423269574557444,-0.8093319767009198,-1.6747739127741945,0.4650945650487255,1.5336091753068635
-1.8828101993364024,-0.9002017461545376,1.1162387923184707,-0.04671614165717625,0.5027661128381844,-0.731704704296693,0.060459567172858227,1.0248043066103432
0.676402781325552,0.09395300895449854,-0.7614330484942684,-1.189697035620811,0.11891315071760984,0.2825379065101433,-1.5139989792900805,0.8883534014959072
0.6325377370652548,1.6365639105309542,-0.9267090635204512,0.7095602291817561,-0.37691728684700576,-0.7069565295852194,-0.0034868016339916793,0.495813731964994
-0.5887882950679443,0.07393548942541732,-0.003208031106236652,-0.029166819396816975,0.6263109964933106,-1.135010351961824,2.458733293442704,-0.07634577565137396
-0.6148261668622252,1.6118929452631903,1.1162387923184707,-0.8529119279020337,-0.914633072844188,-0.5055786854714405,-0.7375229998173236,0.11756654734322378
-0.6019702590368499,1.6326608149186845,1.1162387923184707,0.28152838343688197,-1.6439381946558822,0.1257314941550516,0.7421159585726492,0.006467548770677777
-1.8748792885736423,-0.6191524123481165,1.1162387923184707,1.7172271985979661,0.07858236628312396,-0.8026247545246299,0.5753381567364931,0.21984302436694367
-0.6187502490288228,0.622551676289433,1.1162387923184707,0.5624263103789512,0.21302677382810514,3.382429362802355,-1.5955293028997843,-1.0412549064760022
0.652184204220867,-0.8948405606256546,1.1162387923184707,0.6206197688738393,0.023368651974469076,1.0317865786576927,-1.1225365501654474,-1.3512012562361686
0.6486678682898857,0.9726613210613589,-1.3833479503968988,-0.10053547463707403,0.30841255559501124,1.4232897260232187,-2.92158697963956,-0.5992030226579502
0.6385505503804573,-0.919222004875451,-1.0579075496752166,0.26775507135550836,0.8011206011056529,-0.5855452594894321,-0.6013493688001623,-0.06738365724254979
0.6644288448051382,-0.6018812184577589,-0.3013864087307616,2.2363202902914154,1.5993624396199975,0.2825131892321339,2.4148337352372913,1.2028483753406791
-1.9278383414945544,-0.6630770146020684,-0.26730887985938157,-0.6845373363180047,-0.5396111807730148,-1.3559148457854397,0.659386262367251,-0.9596957202437701
-0.6657599393009221,2.14095955740905,1.1162387923184707,-0.48945259334417224,-1.7161816450700327,-0.6805584765595083,-1.0976333610673907,-0.9211714539970219
0.6477523758781756,1.4642149982712676,-2.0614907749372255,-2.6273712455976335,1.2378005226345874,2.6315933048662976,0.24182199189280448,-2.61188185392402
0.6441475892957715,-1.1464777184352604,-0.6131957979038241,2.060664962352482,0.32685932836264187,0.6485946160576811,0.7742847163452662,0.703523808597094
0.6595788476978034,0.42783272546240125,1.1162387923184707,-0.44356248952766764,0.5780118396127722,-0.910985301776408,0.2834863229724684,0.06167643171868548
-0.6048753277267532,2.001390393743719,1.1162387923184707,-0.3668248761702715,-1.4646854181430284,1.4696500707856888,-0.3127610530810241,-0.2785825385985312
0.6842141851173327,-0.1400774824457804,0.4074261917938763,-0.1878183017848386,1.891433460366438,-0.6982313304110565,-0.5138844919595315,1.73953129535671
0.6521408239650058,-0.880374127808843,1.1162387923184707,1.4441013398427145,0.4255046599327194,0.7596060913867426,0.25499726193371924,0.3026351300662725
0.626549571622679,-0.6371752984227137,-1.6031480116172727,1.8055675723162745,1.7735530274923943,0.496021037580185,1.2124259705324962,1.525425448989149
-0.6610520547848788,0.606027421461833,-0.003208031106236652,1.1273637509804222,0.516344483617603,-1.3343181240332467,1.477860812489877,0.9457489296581797
0.6309053436726627,0.08725077213585983,-1.9200690301210341,1.2391531970710261,0.061791629608874375,-0.8858787265318387,0.6742615440152275,-0.3412994990621186
0.6427771675779173,-0.6575801134748077,-0.6540888325494595,-1.127571413916902,0.17681351430277906,1.0302046728582024,-0.17850299658341662,1.6141208267020593
0.6091519763652379,0.4123553547303304,-1.431056490816821,0.4784755857127718,1.1438569552322662,0.10933158012680208,-1.9727264015748416,0.5003902754216054
0.6064542314953684,-0.36425829855114783,1.1162387923184707,-0.45866662446090617,-0.7784630237013687,0.44171099824458876,-0.022651911300209538,-1.843096896883798
0.6529268798342218,-1.1595650470308432,1.1162387923184707,-0.1203407291987549,0.33258833362929185,-0.40798869215817224,0.48761143488772823,0.7081584243474468
0.6489687131809095,2.1798478499881138,-0.28945927362574775,-1.4212960425883956,-1.0824015570993533,-1.4932625809447462,1.051851230116504,-1.6976996478057007
-2.011237728372738,1.913969421228229,1.1162387923184707,-2.1734472146633133,-1.6153413824437202,-1.1649959413537543,-1.4605004784277817,-1.5718558854848566
0.6417008301916982,-0.8909575958808809,0.3648292807046555,-0.5020323319726854,1.3609261764586777,0.4103200550393017,-0.7501342405834648,0.8680772367818316
0.6791358782870194,0.7189693152053483,0.39209130380175106,-1.2589748995966017,0.5736920275561469,0.3784594835505723,-0.8025801389199834,1.115488660383792
0.6497980084609326,-0.8910788004789361,-0.621715180121672,1.2719141561730256,0.7738209526704088,2.038169095023918,0.8734767918991874,1.6699461693835775
0.6309846394000191,-1.1715231737575396,0.323936246058968,1.4112718279948206,1.4189019357407093,-0.557194541492826,-0.49706320126218057,1.2818858838947633
-1.8794207647382262,-0.9433560579730443,-0.8295881062370539,-1.8113809303866284,-1.1023861495320821,-1.0152973980708138,0.5207798499094036,0.7387240717290535
-0.614859828813976,1.6233451161868044,1.1162387923184707,-0.6139532531050561,-0.4561723728087703,-0.2524057850701707,-0.4928065090633772,-0.6494121044699733
-0.6107230707178761,0.1149552634186379,-0.003208031106236652,-0.6923097450744585,0.5354508866024059,-1.8373332716098314,1.680066748166078,0.02634167452804492
0.6095111310806131,-0.87250609008583,-0.28775539718216725,-1.357254886970579,-1.4615112018137626,0.7395665581558407,-0.9522677816976058,-2.047260794482588
0.6351759045058638,-0.9160644783085647,-1.4906921663417536,0.07993231054484495,1.722126673930142,-0.5850509139271586,0.37430223964197507,1.4604313845460544
0.6569667365796719,-0.1203365806077814,-1.2896347460006226,0.4392427688663908,1.3930729140462654,0.2874690034936844,-2.0878479820762648,0.8666276629881136
0.6374373116078214,-0.6404710849059514,1.1162387923184707,-0.28511654566979067,0.08431958458864444,0.12610225332740482,0.40889567498638574,0.1007780705781736
0.671856164318947,-0.9235649879020669,-1.1550285069586816,0.41704463635127215,1.0410318439183825,-0.5735512002847805,-1.6114708736076584,0.31627876877039046
0.6737527829060733,0.10012172186538944,-0.5041477055153765,-1.3233617811404683,0.03459267303022637,0.19014472092018647,-0.9447297429423922,0.09521094780337137
0.6458164615398425,2.2060144128929724,1.1162387923184707,-0.23938390827856235,-1.6004188621392994,1.5200455112000357,0.01285834174459575,0.4169214041452679
0.6430485758667435,-0.7617231023370049,-0.9147819284154931,-1.060140540573861,-1.1519878430465678,0.4439046566764861,-3.049753628021737,-2.7029881094781287
0.6574223701107417,-0.9022748899922621,1.1162387923184707,0.7557375988820817,1.212972305530434,-0.2648323966419461,-0.044123922310384124,0.5918005328668092
-1.8903300540063055,0.3660109746720428,0.34097501049462775,0.2608798059249907,0.0732595779191999,0.5140275746859342,0.8642466653197736,0.1480187647602275
-0.6358861543015308,0.10363408293144843,-0.003208031106236652,-2.190167674244004,-2.281056225885775,0.5831000083753692,1.5874611370737872,-2.541877921322984
0.663315042652536,1.4738115365845008,1.1162387923184707,0.27736695583859117,-0.4000956323752121,0.06580136370866894,-0.025913088227413002,-1.503973826215966
0.6728910932791654,-0.316870940754556,1.192913232278994,-0.04542326771593014,0.319249085476693,1.353117373457499,-0.4429824824416613,-0.40951880935750157
-1.8503030356259214,-0.6520276567451634,-0.71883613740505,0.40901145225245555,-0.4408523450057065,0.4426193582149416,1.0659807757406252,-0.7536876085281898
0.6455033631350454,-0.6502314241736762,-2.1432768442285655,-0.701617412354572,0.5793987754874409,-0.6830363836904101,1.804019924983542,1.07818391230557
0.6606078611685869,0.6323964533624908,-1.5792937414072945,0.04342638308961225,-0.32326363927247637,-0.3328419873723002,-0.6213045156401578,-0.8208046620174164
0.6014022626775114,-0.782809235415716,-0.71883613740505,-0.20486451513101164,-0.21163891384807865,0.8239080903999502,2.597534558925854,-0.8520330379757064
0.6591044817835334,-0.6541577681419466,-1.1465091247408312,0.4403332747768657,0.6915043743379217,-0.16232984430386507,0.12706724652308848,-0.2386533695532359
0.6750263032732691,0.11062877651955454,-0.23834298031870674,-1.673284977787747,0.08898647966808756,-1.466123009575783,-0.35294939950689314,1.2005221332664564
0.6145580294789459,1.6235273844162634,-1.1056160900952103,-0.7903189650846407,-0.7222239936196627,-0.5317790002721282,1.2739836789626267,0.44675604505382926
0.6105297220223693,-0.7996971040374853,-0.003208031106236652,0.8110028847212899,1.5093494225585755,0.4723171678688111,1.4082431761479948,1.2743588212062888
0.6308070338721359,-0.6539918422625588,-0.35079882559421965,0.27737051575957616,1.355133438010372,0.1007485053020465,0.8442535203390072,1.653291705604076
-1.8561907785931853,-0.6536270262082527,-0.14122202303531062,0.33714774359561445,0.7490793373228957,0.1630545841073684,-0.7688223025010716,1.4216145232808377
-1.906881875120285,-0.6459776600334272,-0.18211505768094485,0.4391257094136551,-1.1559345458727293,0.28989354377395066,-0.5378928338461989,-2.0573759829545586
0.650993641550649,-0.9113973883152517,1.1162387923184707,0.9332434218200628,0.6320964253370212,0.036304381939241875,0.6746089298616311,0.8032328201726349
-0.6219995428655247,1.9558538936326253,-0.003208031106236652,-1.267690012095682,-1.3966269343978457,2.2850407082517443,0.054513668525462335,-1.5104381739028796
-1.885595690632812,-0.6525172562184105,-0.14122202303531062,-1.293150465188055,0.12218510220947369,0.33877898319867683,-2.3030393771754065,0.2985566682059858
0.5960057870228596,0.10734392221574744,-0.6813508556466071,-0.616452895434629,0.31973287453156846,-0.19970854813122874,-0.6156905154453131,0.8552309753417718
0.6002428267493037,0.10652476366585469,-0.9556749630611298,1.3072580237328364,1.8858497437574728,2.388274799933351,-0.015230928428958353,1.4271771789561223
-0.6269679906064464,-0.08481270119844392,-0.003208031106236652,1.1444717427560305,1.0418028018774994,-0.7490191576153351,2.0225668620609065,0.3778219988355051
0.6451833633259005,1.6948260241711186,1.1162387923184707,-0.21366279927639123,0.33502974156500437,1.3575850214770686,0.2752943920408433,-0.12247416205335816
-0.61155588712257,0.6121830213493125,1.1162387923184707,-0.846832119338853,0.3294823265878699,0.24356493824384207,-0.5016670992214088,-0.23335873984906644
-1.8819316083111004,-2.2435149738846967,1.1162387923184707,-0.3913396224346394,-1.64429743297623,-0.8758682288960048,-1.6943341936067784,-1.1423152156558303
0.6337675954866538,-0.6652719781476825,-2.0052628522994684,0.9986733136253874,-0.4997105953147601,-0.57814243469446,1.2605366591849676,-0.841333217854258
0.6140738044156407,1.9175957137069308,-0.13270264081742747,0.5851636795074433,0.6557379041273436,1.0345580034659196,0.48148923207052563,-0.25721416805222597
0.6539994144058172,0.5853370276866646,-0.9437478279561666,-1.6091367821412794,-0.16227411517362034,-1.7361160177335477,-1.4657921247267858,-0.06186790611220156
0.6550425123752147,-0.5191207731766159,-0.9829369861582459,-1.3747600927593597,-0.7023658511867009,0.2319972520867169,-1.3587740529430932,1.1524505585739828
-1.8938714603448168,-0.6589542129387,-0.8295881062370539,0.059790451595762864,-0.7077667455503224,-0.3468999392995846,-1.3772429502287202,-1.285037928494114
0.6293197108155569,2.1177864824605224,-0.6983896200822608,1.680830607891031,-0.9120286360868161,1.434795618985447,0.8609240790750043,0.7261798205795805
0.6309881605246812,0.5576204578833905,1.1162387923184707,1.0634043156105497,0.08649948936662032,-0.5508207039478656,2.172621700142222,0.8476168042126493
0.685169818350186,-0.5939186215765884,-0.2570856211979615,-1.5776572426769013,-1.5799719680146471,0.47894757772286123,-1.2393491379752444,-2.4402932788994414
0.6441988568708245,0.21518097571815137,-0.5757105161452746,-0.4205810041441555,-1.0391066048048185,-0.1943572574196318,-0.7010305578630667,-2.2927374056056125
-1.8665003499090858,-0.38725435298629457,1.1162387923184707,0.7898401822654917,-0.4330003102552986,1.5340244561140601,-1.7218356631568297,-0.37591952032975995
-1.912350885942939,0.5168363693359531,-1.6508565520371745,0.3377827075675806,-1.2825311017114007,-0.2595120025282086,1.683945800074613,-2.614689384583659
0.6587978622481115,0.6408115474097328,-0.8346997355677639,-0.1945049563670693,-1.2120624444128805,0.24802022762402764,-1.391712858346225,-2.638620454216499
-1.8674017578221558,-1.1669957163375893,1.1162387923184707,-0.9324748924933073,-2.0191571175296437,1.8232121962469572,-1.3714719150633878,-0.8660200849553054
0.6318480191667569,0.6029917984814485,-1.3833479503968988,0.10471674686328272,0.9840873959277763,0.08927968825689553,-2.8313531008423127,0.6306218612315301
0.6483637839642302,2.1186170205424584,-0.6983896200822608,1.605710079145505,1.103492086686451,-0.4578372627945548,0.8262251133490212,0.4249119284088139
0.6438705472074979,-0.500653011451885,-1.4344642437039252,1.2899599905551693,0.7813952635112891,-0.9426295970818284,0.26011278414880884,0.1446427542991897
0.6273423880512319,-0.9018622910871886,1.1162387923184707,1.09907979663697,0.7377948683010226,-0.04836465423978768,0.9163743517378928,-0.1869489261774233
-1.8680968278301482,-1.8535995888686474,1.1162387923184707,-1.1907816220992404,-0.7448372820733298,-0.31932781556349765,-1.5185380462981994,-1.1529994009290052
0.6277352047183493,0.09098222414318123,0.38527579802743267,-0.957096478176672,0.6996127790967842,-0.13285449015264877,-0.6793058862295341,1.3940458186030098
0.662734479618513,-0.3975170971957572,-1.1465091247408312,1.3732125476439763,-0.1899578053066198,0.15194416759524984,1.0138008643896992,0.9043869384423583
-0.5786839348972491,-0.6835745994018736,1.1162387923184707,-1.0225886469540746,-1.1977758632913484,1.5893898349490279,-1.432882673337631,-1.6572366603679494
0.6673813782554534,-0.9056111618868001,-0.8858160288748121,-0.30475780049895934,1.056099485036848,-1.3135061758613595,0.08851173963550038,0.3669825818540854
-0.624366161172331,-1.2256946112437173,-0.003208031106236652,-0.28072886566187083,1.19928634394176,1.1725236705786213,0.6503913280716229,0.6570581561814838
0.6102214123471349,0.6690432996636922,0.3648292807046555,0.3206684843325287,0.4663283088300308,-0.32496953429325354,-0.4539259469903483,0.9214869953988298
-0.6308353122435374,1.7665343270795313,1.1162387923184707,-0.019250451422519466,-1.8173958509391495,0.7439476957017453,0.26879869091077313,-1.3413987647304615
-1.8942213192910715,-0.903981064891237,1.1162387923184707,0.38112191335444007,0.39313978403263494,-2.7615802728041134,1.1814825177360015,0.8473119246705244
0.6295108374621224,-0.6478490198840329,-1.2487417113549846,-1.049675135251583,0.16146843673115222,-0.04045512524347413,-1.4178728674661025,-1.1284582729497796
0.6105328206120935,-0.6605044854527289,-2.0052628522994684,0.6124240761123368,0.6558363784634449,0.4825439416883333,0.9378369982773184,0.6637476377103003
-0.613106027043084,1.5739840054080871,1.1162387923184707,-0.05662289430704594,-1.6816335791764334,-0.5944990934861616,0.7069613753291013,-0.9037531161998594
-1.871491051157861,-0.3198716702312775,-0.8295881062370539,-1.1597677266436834,-2.4954863239539593,-0.6013654209320686,-1.0790963912831009,-1.0753863873023835
-1.8740672468044544,-0.7877552497620153,-0.8295881062370539,-0.17924917918480232,-0.011152803673182365,-0.4071606633410653,-1.3750727341400428,0.08557318059242137
0.6349944961633656,0.32457362670185164,-1.1550285069586816,-1.8232431918634162,-1.1206578322420309,2.026865538850581,1.9130241649891127,-2.2361642376984956
0.684839959392006,0.6168025242086244,-0.35420657848140247,2.28226973163014,1.105932262666349,0.495137394887399,1.4401165929211284,0.7983960681690919
0.6521044859585208,-0.39746808412530965,-1.1465091247408312,0.8448484748759836,-0.9095480519556653,1.266087837218776,0.648538963729399,0.8132212546957903
0.6829104535005514,0.20026121241367975,-0.9556749630611298,1.8433847659016245,1.6326454100706258,-2.465514655782338,-0.32032106232524316,1.1716300503562802
-0.6341800989810209,-1.221603767332502,-0.003208031106236652,1.3816149814964958,1.164064151817377,-0.3242496435680856,1.2504050222130791,0.5036199883734246
0.6532488514731755,2.4576318757497044,1.1162387923184707,-2.6962037635314657,-2.480873247160388,2.618078242495606,-1.430845720870712,-2.2533737790204165
0.6403008310266958,0.6349062832474351,-0.13270264081742747,0.635598960087359,1.3635214967429048,-0.03103166296229082,0.14164556639772735,0.8256509591057551
0.6390994232925469,0.8635915679949059,1.1162387923184707,-1.3942030319940169,-1.7591433838795754,0.3519131268566155,0.34552846267619874,-2.35796613621198
0.6437092796980423,0.6028587949582757,-0.0884018532846734,0.8340002736793205,1.2561599955372826,0.2751165437565061,-0.8912193564057114,0.7727571504831339
-1.8844261138655904,-0.6475444286749867,-0.14122202303531062,1.2193158793235435,0.654238285359323,0.8161345064330042,0.4158012517962803,1.2399610381396198
-0.6302868618664462,0.61204154608607,1.1162387923184707,-0.19657955566801974,0.2210880357438322,0.007947484623038556,0.08175599435707182,-1.0254648264532817
-1.8850479444806378,-0.6434202849537877,-0.14122202303531062,0.5935624588913613,-0.5212463330681485,-0.8385574975830721,0.956872085869383,-0.8856892825223068
-1.8616683809600258,-0.14545344459059606,-1.6508565520371745,1.7762472150642836,1.5526764878351078,0.8847496704774327,1.5180830150790932,1.1227778500229493
-1.8876299147716633,-0.6875391500790825,1.1162387923184707,0.24015101853830667,-1.0806275407025454,1.6715624260387436,-0.7727011743236278,-1.893050803844122
0.6234097143404307,0.6116998805293871,1.1162387923184707,-0.18433447550225368,-0.1535207404719681,0.617005934628003,-0.12535944517848321,-1.2230211858800504
0.6437257585614463,-0.9652446768954227,-1.8876953776932566,1.369634630571938,1.1763558679267707,-0.9581458684177344,-0.2860006373193932,0.9008947833938689
0.6297766119514754,1.6034363592612808,-1.1056160900952103,-0.4099431529902814,-1.2257063552425154,-0.03218719571425461,-0.30764336983417845,-0.6516981426485335
0.643982378126707,0.6060662852199161,0.4977316433029637,-1.0659894433014527,0.48166303797268223,-0.07690075182215947,-1.466472489541584,0.20017215163764937
0.6251788682148371,0.11295953954216269,0.38527579802743267,-1.3166954694989044,0.7286379869994836,-0.7617300178855458,-0.7972800285801355,1.4024327979487794
-1.927764820411639,1.5517622889933982,1.1162387923184707,-1.3529505765147987,-0.3104655893164868,-1.0310021054308054,-0.9959847327240717,-0.47349995898477304
-1.9112049711334396,-0.6352950753985005,-0.14122202303531062,0.9027805091231696,0.31978100293936806,0.563029578546924,-0.48846373576837376,0.6226090014703829
0.6258191495230973,0.1595814823239303,-0.12418325859959033,-2.2550558677106514,-1.7104208553429436,-1.1278546999477042,-0.17421785080055846,0.23924252080053254
-0.6116427884791824,-0.817450935476077,1.1162387923184707,-0.7112580357332786,0.21674239367995632,0.26937595591458635,-0.07824481205566884,-0.18983243891653676
0.6466032216339928,-0.09321065604877501,1.1162387923184707,0.4008363453197666,-0.6628621608320354,1.2523264926289317,0.5714747723078124,-0.7521732617914428
0.6352467495340363,0.627913253251853,-0.001504154662653728,1.4615899823073737,1.2594574485148509,-0.8404607279979485,1.052985771761049,0.8820190543787914
0.6194914068182397,-0.8758417468705318,-1.0579075496752166,0.6078285931331017,1.0286274449156305,-0.2872138919741924,-0.5647130381516332,0.2815526538891572
0.6557074415561098,-0.6363804926305853,1.1162387923184707,0.42127899291263476,0.6084872237894783,-1.1221944432597257,0.6514948949284398,-0.3862988260607698
0.6425810409343244,0.6083542421895494,1.1162387923184707,1.6845390578321073,1.009309063397476,0.4931043987621831,0.5698006930811494,0.277017431103082
-0.6314874245306498,-0.22775119891222423,1.1162387923184707,0.4778609825645672,-0.15958820507061625,0.7568933701136139,-0.36157767875675817,-0.31154191562022937
0.6440625189239914,-0.6382182171567442,-0.8193648475756218,0.16935767650357858,0.4677008718866814,-0.4229179281390484,-0.3357623541936498,0.8034260222267944
0.6391594232567627,-0.6405222229013056,-1.826355825724729,0.4767178587143154,0.36242983546569135,0.08504891415359493,0.6450690671568139,-0.6560566358099249
-1.908254691202912,-0.6486077578718958,-0.8295881062370539,-0.8537220447796425,-0.212341292932593,-0.4693740523539469,-0.946275420868618,-0.32124445577421723
0.6279559088120543,-0.9014593941418682,-0.3047941616178863,-0.523831430806299,0.6103230843690074,-1.0681253973857008,0.4731876287799097,-0.34765283135217845
-0.6355960136294957,0.6150444843663059,1.1162387923184707,0.8172973419650063,0.7092976766675367,0.24671639120350192,-0.36624928904272075,0.06313717326117727
-1.8978765283786438,-0.900775391999585,1.1162387923184707,0.7658194278753874,0.6261639009670766,1.1461781417684747,0.5020134505925546,1.2153495533429248
0.6746195429524882,-0.8980498962168105,-0.28945927362574775,-0.7910446232940131,0.5670167159504311,-0.17088820185067452,-1.292324308993227,0.04300060540707287
0.6488432202980072,-0.23286154544423565,1.1162387923184707,0.32184214761058005,-0.31860487510152163,0.9435582544295728,0.04162041312197469,-0.2255563921526987
0.6706967283907479,1.4630094668631162,1.1162387923184707,-0.7545717295024946,-1.2320764703236715,2.2216825263806594,0.4449721183376459,-0.31642166345665934
0.6634250425869301,0.6111425350950999,-0.8364036120113432,0.5734878362276512,1.1472836814417167,0.714565031343475,-0.8775339027967363,0.974683450013757
0.6620761701520128,0.619527824274635,1.1162387923184707,0.09111145455895851,1.2252213138376913,-1.096661494967883,-1.3653673606717533,0.6421860651098356
0.6496456141856335,1.6209460759719345,1.1162387923184707,0.006101040636711615,-1.7810216158518875,0.007626160007462749,-0.5104142352150063,-0.29950308241813667
0.6588933551489105,-0.9058647828577231,-1.3458626686383843,-0.31869442792390995,1.0853213952205745,0.07627839996884198,-1.4827850373586178,0.39069841319732723
0.6772977103692553,-0.6533235533807392,-0.7426904076150355,-1.346647395461462,0.8621353490318879,-0.17411998596389638,-0.776425532379381,1.645558039562858
0.6473940662327197,1.031986135504648,1.1162387923184707,0.9052756743723094,0.34742111507920315,-2.3584136598280856,0.11602761606360092,-0.03351582280940278
0.6472850522132472,1.663869166417788,-1.526473571656621,0.35566685844321183,-1.8693627385746951,1.9958417861425704,1.0194861786307603,-0.11758788686874513
0.652805471455922,0.12789837671623383,-0.003208031106236652,-0.235746373032985,1.3119489510886828,1.060000228112599,0.659589759519365,0.31261016329088426
0.638313085733378,-0.6521922545464875,1.1162387923184707,0.49738460841914733,0.9085214427674826,-0.5282258915435202,0.08580576777022889,0.10857985988708212
0.6163532396758471,0.6078329925190733,-1.3833479503968988,0.9356225725187289,1.6082910805712232,-0.08737936724275176,0.5038694166542549,0.7379227084385968
0.6574551869925819,-0.09355067199270392,-0.28605152073862544,-1.0624953097589147,0.46323622288951405,1.3798213028004251,-0.3390885421579299,1.1109802401948488
-1.8820725941425285,-0.6560981461125776,-0.14122202303531062,0.12928101429177477,0.305046646938419,-0.06325063498379971,-1.0062458515121888,1.2811175427776207
-1.9058744109324384,-0.6393646421011578,-0.71883613740505,1.32204536018446,-0.6714844964984505,0.8348454859654975,1.147105905905859,-1.1549526401934214
-0.6293550314362827,1.694751553941149,1.1162387923184707,0.13764828251516484,-1.5808324891626861,0.053612655938539706,0.17373382573940943,0.4237873361050431
-1.9272236939738165,-0.6392350496416459,-0.14122202303531062,0.44019110994656996,0.3534158610405643,-1.3935716189919576,0.9007176770429614,0.7716213904306295
-1.894276389680774,-0.9061661866794135,1.1162387923184707,-0.4423086834884957,0.18040778650525885,-0.37230930120081174,-0.5342585187780968,0.4089197121329124
0.6477126575920135,-1.15694546197873,-0.12077550571240996,0.32788224820445533,0.38309499109841727,-0.7311547448584241,0.6041322834174665,-0.6182552021039551
0.6221374615781095,0.6291600808979046,-0.14462977592242923,-0.31134619659712165,0.47204852614508025,0.21742023731883342,-3.275115018405473,0.6779597148281096
-0.6419257281641534,0.11437761935962644,-0.003208031106236652,0.8544538184247602,0.7168304295317242,-1.270751464043947,2.2306778168680843,0.1826365524781614
-1.877073301349584,-0.5738292180748183,1.1162387923184707,0.5605461387135756,-0.03103944535103567,0.4902204220622326,-1.4601907305502146,0.7073878496805073
0.6353373128602874,0.22411625894303533,-1.526473571656621,0.23347808405604747,-0.9451777750689875,-0.36866350267894155,0.9352185481960881,0.44158872768591206
0.6374298468235331,-0.6532920429811965,-0.8193648475756218,-0.338034900213709,1.0428438866851775,-0.40363845121006386,-1.3490769634296749,0.31485488079889945
0.6258785861073553,-0.17682032782135731,1.1162387923184707,0.8191325040708748,-0.9721718163277288,0.6048264958373328,0.46142171158192785,-0.4217765304360165
0.6483923754964481,-0.8989318518894802,-0.71883613740505,0.5991430028186366,-0.3725049959726582,0.510690742140572,1.9832450893482871,-0.11314462470916344
0.6698484190375631,-1.0769004076490807,-0.003208031106236652,0.3642382266624745,1.2393050328990343,-0.3098487394068881,1.0601820073351356,0.6660191578154163
-1.8778104840085026,-0.6463475647236844,-0.14122202303531062,-0.5489692557294091,-0.15384137750961713,-0.4109856621295465,-0.512891497891576,0.5516357243219177
0.6546758928755945,-0.9615685148748747,1.1162387923184707,0.7453903320820514,-0.2012292155966799,-0.5900067281890252,0.8295945219473915,1.1680318016941897
0.6332195676445093,-1.0050546276913854,-0.25197399186724545,0.028976340142138013,-2.1770515579287864,1.16970281121368,-1.6330422920761927,-2.296467433703486
0.6236702775653089,-0.474233680342022,1.1162387923184707,-0.27976658699894713,0.3848491730063478,-0.016544248327997384,-0.06439169840353684,-0.40117594261937695
-1.9082459588137404,-0.9025971236699035,1.1162387923184707,0.438954217843856,0.28586952968890683,-0.27782750561033925,0.05194798363500397,0.5985056492439706
-1.8725706279787635,1.614102000416062,-1.385051826840426,0.39284970519909296,-1.4674966592192493,-0.42195395429232097,-0.2164011896610669,0.45331486392173637
0.819292132722405,-1.1505692054158547,-2.024005493178704,-0.08234514547424064,1.719642886713835,-0.5894567687510726,-0.13314726318149328,1.442814260820332
-0.6022789912470915,0.6040552115569738,-0.003208031106236652,-0.5655079374823497,0.39603553727887636,-1.2892595559182718,1.0344603274791835,-0.43164211972243716
0.6684108142611837,1.6336783184324999,1.1162387923184707,0.6073883080728886,-2.0904267479244867,0.49970391201887954,-0.3795288288633053,-1.011681590889273
-0.6498531882247308,0.3848963607766259,1.1162387923184707,-0.44417739227389486,-0.3544762498567117,-0.2916444640758628,0.8785454917607392,-0.1537571041571474
0.6241860519055709,-0.514346083442357,1.1162387923184707,-0.9428031548048593,-0.14955072174099462,-1.3530291035656135,-0.1330921568730442,-0.32820084649925285
0.6620361701758459,1.6203422338256401,1.1162387923184707,-0.025017658481824825,-0.20053767772347722,-0.49955384893133825,-0.03467445101304064,-0.30012847635069123
-1.8898724486454268,-0.6573340136196546,1.1162387923184707,-0.1356202702358859,0.21230731162273347,-1.3737854378617582,0.4067920907086105,0.48265254000886926
0.6362146362807146,-0.6528120056700086,-1.1465091247408312,-0.8134947312172774,1.5154675616070732,-0.9556061680913668,-0.18780353677915887,1.1477880234516376
0.6261050648455188,0.5195376935793534,0.39209130380175106,-1.3974775432134585,-1.30655436009392,-0.8630523201941595,-0.8462376615745802,-2.327932286742552
-1.8920155459587742,-1.3317902662935792,-0.8295881062370539,-2.059325914676355,0.44452909678957175,-0.2962295191662614,0.25824403198287343,1.4783824239607768
-1.856241905323279,-0.14122797550299532,-0.890927658205521,1.8595268305794797,0.9307633376032607,-0.432199266071014,1.5702719307288397,0.13149608041651367
-1.8820152702330555,1.6151248442016666,-1.385051826840426,-0.3510163148255823,-2.13785179107766,-0.37264916377461005,0.8072609796312673,-1.1242603161773128
-1.8868572391761704,-2.1403986962404944,-0.8295881062370539,0.8779208170314398,0.018047177696756806,1.2191991606370067,-0.5242136832463461,0.9822752856453231
0.6579947641355425,0.5973671502242015,-0.003208031106236652,-0.0590527829431526,0.8466921667109047,-1.1650851001068854,1.0898295614531779,0.7892161786587372
0.6428504069708537,-0.14405678177938147,1.1162387923184707,-1.1621051526883424,-0.06908404828451874,-0.7997266536656723,0.31591836644102594,-1.0539046155372853
0.6397343524913212,-0.6553325580378525,-0.8193648475756218,0.25624635144880076,0.6026539950595149,0.08551030334453602,-0.3278522578133983,0.31559418576918935
0.6758878520552092,-1.1493631707360215,-0.6131957979038241,-0.2652704008608837,0.926062276282107,-0.3865897086310023,0.4325317791620768,0.0983747710372878
-0.6466199507164861,0.10688477067958808,-0.003208031106236652,1.9757393839859319,1.3293428944030476,-0.046999024624175344,2.3932072104603543,0.6360203509995885
0.6391632260713864,-0.8333755420881165,-0.25197399186724545,0.8753141606582511,-1.7061825987623425,-0.28147948345161694,0.5020444253802998,-0.8188648240515352
-1.8869555489766885,0.8250450248511393,0.34097501049462775,0.37643430395135963,-0.10924235890263816,1.5260950650185265,0.35461073866987197,-0.12579768409505473
-1.881074848258749,-1.4989519637232043,1.1162387923184707,0.40966994064479884,-0.21941210342529158,-0.41735654056342353,-0.5715015590775077,0.5708297341776369
-0.621421374196283,0.3334040491297903,1.1162387923184707,0.42299985578559246,-0.10156563146700279,0.8733302879888694,0.5149508270600203,-1.4928570963087437
0.6459427994926642,0.08515869969078499,1.1162387923184707,-0.28037074196490963,0.4221727532570642,0.7962525458504394,0.25673148987609695,-0.6095443580430409
0.6522599788235354,0.6040804310604174,-1.5792937414072945,-0.7820192078451121,-0.950762477242615,1.351158529167386,0.028558237073600157,-2.167726742357838
0.6367440725846613,-0.6295500892888827,-1.2998580046619892,0.4350273580670422,1.5961800513170608,-0.9229546437027342,-0.48514637201688926,1.241858438660073
0.6314075968942339,-0.9233035103009138,-0.28775539718216725,-1.4766083731017163,-0.652962861881482,0.8381390632743118,0.16566471344293887,-2.034938858848454
0.6260291493978567,-0.6407910818205387,-0.9437478279561666,-1.2588485903717568,0.19446161010509877,0.13631666850773266,-0.5610841256628061,0.4180147267523802
-0.620346022724977,1.5812246031345707,1.1162387923184707,0.42321214420895026,-0.8346996720018065,-0.8718578505217579,-0.20223562684185992,-0.42799138264099224
0.6599715235199444,2.745096639986305,1.1162387923184707,0.27192750458223325,-1.5448655734206667,0.3163171567122995,1.022351346498218,-0.4775013633784234
-0.19990317489632964,-1.1934282696693737,-0.003208031106236652,-1.3457307163453194,1.0503057199586732,-0.7533755778829142,0.6697718205643426,0.4682628956852052
0.5838760055249729,0.3641624018450654,-0.46155079442615815,1.1428708331848754,-1.0081528111137,-0.8117392508295581,0.7874165856661062,-0.9167680106467344
-1.8460430381666895,-0.6048733084371797,1.1162387923184707,1.669876430202338,0.5100218809663315,3.4295793324490726,0.9007987157318726,0.6706638245396691
-0.5841578752944337,1.6218834474492976,1.1162387923184707,-0.38175540997024837,-0.8920951800873791,-0.3484694864599438,-0.4486296184559554,-0.43892684226205475
0.6528905418277541,-0.6551308020102734,1.1162387923184707,0.5534045533187179,0.8180231993693713,-1.1879856582791617,0.40865327926361283,-0.07500899612049518
0.6540911044919836,-0.9094491676941622,1.1162387923184707,0.6815288481153379,1.0006156438796083,0.29631778905852635,1.0053278192505635,0.23184388722317065
0.6753294016840461,0.3250203904366894,1.1162387923184707,-0.5536014658062293,-0.0008079062985040335,-0.18945705703350751,-0.32593488243412644,-0.5539367864630265
-1.9225094714333917,-0.6523222104799926,-0.18211505768094485,0.5654473093121233,-0.10508155127862466,-0.14736353240565878,-1.457620543510346,-0.11630621439329208
0.6585506792969651,-1.1532260605323736,-1.4838766605674025,-1.2727486440449112,1.442642053127914,-0.6100215441415384,-0.7357468118426779,1.2239073992453597
-1.8744314719393365,-0.6443617385237269,-0.14122202303531062,1.0585180409851307,-0.07114962756135716,-0.24651071423971246,0.9162122743601105,0.4488700999009172
-0.6466648802671662,1.5960775206477875,1.1162387923184707,-0.4404403807795473,-1.6097669429858235,0.8263087560370252,-0.3272707601990294,-1.4755485552054695
0.6734140507137628,2.4571061332356092,1.1162387923184707,-0.8822024245235783,-1.277297822825733,1.1200674271011872,-1.4465956801008422,-0.5670348266088687
0.6353870311405041,2.767356520890719,-0.5757105161452746,-2.806310725150754,-2.2093670595362402,2.8444833738206063,-1.2675289913943915,-1.9658513887347315
0.6348949187579728,-0.6616170513963889,-1.6031480116172727,0.8982862355000858,1.1043140476169835,0.28537421417369807,0.4003354682352124,0.3960935526406749
0.6565351875412881,-0.6372204810364273,1.1162387923184707,0.010177494707660857,0.5609947515871514,-0.11832690994135305,-0.24412416496087308,-0.4875623882687423
0.640779703980541,1.3391589458717488,1.1162387923184707,1.0094712797209149,0.7889969648368197,-1.367096324471851,1.2445702366125035,0.05561904477172886
0.6267971771087721,-0.8938807096795858,0.30178585229259336,0.6670134511075921,1.1850282620651287,-0.3749787672372027,-1.3386319768607198,0.5521516743162901
0.6331474550114623,0.34850164939492256,-0.46155079442615815,-1.3788008370704328,-0.6498623575761063,-2.563329164371732,1.1119729329793533,-0.41352244730086835
-1.8858849862349278,-0.6387014138957472,1.1162387923184707,0.06390461660177561,0.2695149053788695,-0.33031464568506363,0.1828982209377971,0.5808606061462203
-1.8598583820395245,-0.6687726800863187,-0.15314915814027,0.4780477166822172,-0.6255644105885713,-0.7968594494047639,-0.7884161968745618,-1.1153417519888036
0.6345046373005959,-1.0134196182461894,-1.7769434088612466,2.184139163644385,-1.1939430844399648,-0.7783832840144976,0.3686315123649132,0.9358799900471421
0.6318222445342496,0.6835600037301719,-0.001504154662653728,1.758372230154762,0.5771452818811633,0.962655441433096,0.6542970327045176,0.2337195106334778
0.607502540729284,0.3591451465954548,-1.1754750242815108,0.49745914331655594,-0.26250817698350176,0.3477977000502915,0.9754281447670534,0.83600904611406
0.6428367450071777,-0.6653325385074037,-0.7035012494129297,1.6705822208282752,0.39209047087363147,1.507503181907525,-0.12587395081001537,-0.1528928762239379
0.7715258231832959,-0.8999378360735599,-2.4039699400945724,0.8476822317894156,1.0166290164244254,-0.9778208217964494,0.41682702151173934,0.6093830365712738
-0.5911685753384266,-0.6956676029407978,1.1162387923184707,0.36200974594650503,-1.2637333822728083,-1.9952519614797066,-0.04476610889840967,0.22585350676898167
0.6355119606434575,0.6265983161707691,-1.9200690301210341,1.678939712396293,1.4243360107813763,1.9053260838004997,-0.4609440775347836,0.8880273032310549
0.6561420891842005,1.6165657110427603,1.1162387923184707,0.9859263361108344,-0.634288464741443,0.42718959735244766,0.6296200315914379,-0.572261945462438
0.63368435609968,-0.9131548689668082,-0.3047941616178863,-1.3739157717531076,0.3135810620236907,-0.11743708792909627,0.8181248461788267,0.0728676327871487
0.6674932091746625,0.26647615654676254,1.1162387923184707,-0.5501991890906153,-0.0885409107636837,-0.26424190086769395,0.6531727559605462,-0.40028268225821984
0.6098422576436763,-0.8945895678513228,0.4074261917938763,0.6453801488613587,1.856276151249156,-0.8941219387831121,-0.8699848787970227,1.6628200288768529
0.6810301025093644,0.6036724454791492,1.1162387923184707,0.9092669682626194,0.6048611671265485,0.08874826677760796,0.20572195727878234,-0.39148512860168905
-1.8894525897408931,-0.6596165743984213,-0.8295881062370539,-0.6175102018071358,-0.813277520576052,-0.012401014583738957,-3.1846210954598497,-1.4674966083235426
0.6179211260646656,0.10307433297688307,-0.12418325859959033,-0.6423035338273411,0.23991946618713983,0.8541558594920253,-0.33264326510098324,0.5266411857415073
0.658201102040672,0.6175877678386945,-0.9437478279561666,0.6516218334617407,-0.11681617696118879,-0.4675635117323959,0.05365537876708925,1.1524315734010477
0.6442058991201575,0.6024153287230471,-1.5792937414072945,-0.020304449084111737,0.562273521739847,-0.4070061803534752,0.6923077795167432,-0.5080909441055883
0.6538096962091113,0.8636915373237051,1.1162387923184707,-1.431751042671009,-0.6834554934398137,3.029328857732068,0.620444471062566,-1.2730856453451833
0.6174250700224909,0.12905553812331003,-0.23834298031870674,-0.9946185587409525,0.21784684208255017,-0.6677672851354195,0.004118229104081717,1.0539331457949939
0.6549267377963969,-0.6619959310984054,-0.6540888325494595,-1.3454927666538317,0.3818535081422079,-0.9052632518930268,0.3885641484579498,2.0403502440258987
-1.8802782290155637,-0.6605713367085407,-0.14122202303531062,-1.4168683944158718,-0.8256448787734758,0.3190391469648871,-0.9794492384695397,-1.398917696516928
0.6710467281819964,-0.8975742485531186,0.30178585229259336,0.3895892712972074,0.9411407586118892,-0.7506813945684506,-0.4891278928453644,0.15160807922326489
-1.8910744197595248,-0.6483362427965328,1.1162387923184707,0.5179666878960727,-0.4481015837679484,1.2783723244414602,-0.9307945100856552,0.26632431163091663
0.72918373576112,-0.6192199905519239,-0.6540888325494595,-1.166624180563145,0.21122121936201727,-0.8622984432113335,0.24628254141568523,1.684990243786716
-0.6072836361495216,0.5960948514388581,1.1162387923184707,-1.7670953347547136,0.39076761201461785,0.6414142467658048,-0.41182526759244437,-0.7134668171418788
0.6768591190815473,-0.654525925361072,-0.17189179901952478,-1.1971664777657005,0.8423369153915419,-0.9028409586378675,0.4948298210367761,1.630745137559794
0.6433523785024633,-0.8376572378070207,-0.9147819284154931,-0.8025853927226154,0.871927755281503,-0.0643196572620985,-1.8896082599206996,0.05263837261802734
-0.6040067366954888,-0.9373203817031659,-0.003208031106236652,-1.003369768482048,0.764508598542982,-1.57289753148182,1.280072385788434,0.21115842451574687
0.6766726403195161,-0.8943743772656427,-0.28775539718216725,0.8967480226841291,1.1555664490158826,0.7148678180003225,1.236398655396064,0.46494719106765203
-0.6514810745777737,1.6248246510692108,1.1162387923184707,-0.5039788317915379,-0.621800867654893,0.6389178016761748,-0.7423397593993806,-1.070475321200805
-0.6389281243181903,1.6041116380276494,1.1162387923184707,-0.4680325544764751,-1.4460057646581137,0.09347544621665513,-0.4377482835688066,-0.6693744554428532
0.5954769140988534,-0.6442525285675572,1.1162387923184707,0.1050570435691728,0.5447887011503433,0.2877470728728387,0.6049840900807845,-0.030990197466094726
-0.6215496839789046,1.6147375486786615,1.1162387923184707,-0.03522116650180715,0.43551586153793986,-0.6670134081529097,0.3015131091886403,0.8430994498246577
-1.8992235698287376,-0.6414241416842427,1.1162387923184707,0.1908246404131146,-1.2484329015022637,-0.48390781188515597,-0.13969536933035492,-1.8762207107982096
0.6459850529886013,-0.6425801847097905,-2.0052628522994684,1.0685808264734822,0.5206645420653873,-0.5562243883266279,1.2001700393956607,1.024957304768867
0.685887423555985,-0.2808809478840531,-0.9147819284154931,-0.6374766417390628,-0.7429808067662286,-1.3615905507723478,-0.18040758585846484,-0.7946235501274533
0.6561205399012809,-0.6691323795451333,-0.7205400138486475,-0.8989968192688794,0.13582930049547245,0.46155279325021453,0.9767463741064458,0.875562978799819
0.6421650552669371,-0.24937429492187763,1.1162387923184707,-0.7127003307187212,-0.8075391113798932,-0.8262173964844558,0.28160442453028867,-1.9581013968072007
-1.844825433259098,1.6085996751383917,-0.8006222066963754,0.34060551751159307,-0.43812939409737006,0.9233889554890269,-0.8147888875312949,0.8058315553174635
-0.6045444828536429,1.6217033880233502,1.1162387923184707,-0.21924845739467966,0.6103872282026132,-0.3394538592679381,0.761301057782124,-0.4118316501331404
0.6139685932107921,-0.6336787904148097,-0.12247938215599288,1.1127451086199818,-0.021297959942443285,-0.3289150298118565,0.7844397644939495,0.35352935326696033
0.6400771691882516,0.5855422786565184,-0.001504154662653728,1.5394733745019908,0.4408387320322586,0.25549102493381,0.5154891040402759,0.08102790683243732
0.6285622464785934,-0.6778247762921487,1.1162387923184707,-0.07414133395225696,-0.4086698806990183,0.5190204648650678,0.16502342728480687,-0.2017283249340635
0.6720840515069875,0.6119680404601685,1.1162387923184707,0.2752105990289014,0.9739462640475647,0.98387831435358,0.6798206179875788,0.15916864515819024
0.6413433656161788,-0.9885190772103531,1.1162387923184707,0.3414359846931969,-0.4264026939973252,-0.2848657505530611,0.1908066965442978,0.309735584750797
0.6482423755859303,0.6153872962640543,-0.38658023090919713,-0.16657563661326025,0.020641266025149232,-0.2605377695694536,0.4596608309151904,1.27634109661754
0.6230685877833129,0.4099569380131671,-1.1754750242815108,0.18393032373375462,-0.6729980774325653,0.5542611241358338,-0.11211682298278007,0.5915782946657745
0.6426629422939268,0.6854434618839715,1.1162387923184707,1.0472721704914347,-0.759214863665592,0.13411065143613515,0.8356020099983203,-1.727085345212675
0.6353982987394075,-0.9864795407375314,-0.183818934124529,-1.3438034855398215,-2.203702294162588,-0.098787901592069,-0.39107864289089933,-1.2822334920045058
0.6311963294145998,-0.898437750930588,1.1162387923184707,-0.6233180886514793,0.5506694833753802,0.22937722060659754,-0.35514014539673483,-0.5052286500891486
0.5022004908580661,0.6101959928892156,-0.35420657848140247,1.0883231525595047,1.301237587919446,0.14546824072948533,0.0876882064703448,0.742291531767582
0.6805550323701601,1.6140302003219846,-0.3354639376020847,0.7364981090909584,-0.3843140317874206,-0.0282509691744784,1.4419030457963244,0.4883603764185076
0.6315302024549286,1.3442126463793946,1.1162387923184707,-0.29521000436572775,0.906134199823137,0.08362870054806,0.42226075564528026,0.3062802832733217
0.648805614686613,0.6141635911560861,-0.0884018532846734,0.3493164367847056,0.7225127026071667,-0.23697602420767674,-1.0222432488724384,-0.21557856699092032
0.6458387150476963,0.5944990328371201,-0.001504154662653728,1.3001888243071766,0.7532506576366749,-0.4267738235249464,1.6417714655128328,0.884073920157255
-1.863830351501541,-2.225425613706278,1.1162387923184707,-0.1121710797693321,0.3284917519692679,0.6956748515451927,0.2755814490855016,1.079521808611327
0.6488426569180409,-0.03425399952043047,-1.6508565520371745,2.252835997441995,0.33301615082424313,0.5241678380321707,0.36454716244450003,0.6830510915042418
0.6125101433764272,1.620645986248538,-1.3254161513155576,-1.6201064323066894,-0.3048790802743097,-0.07055459066679762,1.5153475091138946,-0.847736805013907
0.644415617304938,-0.9071513410075422,1.1162387923184707,0.33011288120333615,0.013680551318546943,0.30739730897316486,0.661224940175329,-1.032317357114549
0.6503358954640546,-0.6426222638147656,-1.826355825724729,-2.053445701502225,-0.0009749595092070994,-0.1344549339103616,-0.6302047247127573,-1.4615542491891906
0.6487140654454575,-0.650723959398429,1.1162387923184707,-0.45992527752704315,0.8311166723336607,0.20334992675298688,0.4724490961950876,0.04086198151264069
0.6439009697245481,-1.228685477216688,1.1162387923184707,0.30644296031670587,-0.915370685865475,3.047665988432979,-0.6832474279714897,-0.24311935229675563
-1.9086128600033656,-0.6415062308883663,-1.0527959203445452,0.8656386920536713,-0.3523974646142826,-0.525420480477572,0.4778873324780272,0.22763141237731294
-1.8714923187627184,-0.5858110544899032,-1.0527959203445452,-0.2628544376667822,-0.731282729106653,2.0332874325966483,-0.4047111512231239,-0.7126880107607979
0.6786085546578665,-1.1535113596600635,1.1162387923184707,-0.09145811765788267,-1.2480770305278428,-0.6706653859939976,-0.007057726438744909,-2.6767291629466765
-1.1688028082873367,1.6019240837596525,-0.28945927362574775,0.24997772909756846,-1.0359436814040057,1.7699804481684864,0.22547288662276027,-0.3522092728609809
0.6639843380280039,0.6312838314997532,1.1162387923184707,0.3001608752206299,0.48784269268234354,-0.6213358781983406,0.672975550065414,-0.5768563573170928
0.641433647252451,1.5347977237070936,0.48239675531088083,-0.8589911939768974,1.2558302420264862,0.6813202922805948,-0.915032124923184,2.3528104540400556
0.670097573818527,1.626728723579497,1.1162387923184707,-0.6989858487418324,-1.7631107849359813,0.23011873894978657,0.3843326682957225,-0.5428389621920434
0.6229087287237428,-0.9020094700962235,-1.6508565520371745,-0.044432440154534375,0.7581246034261314,-0.49780510150468416,1.3225011818333419,0.9390985352501429
-1.8935982210711495,-0.6651261132369466,-0.14122202303531062,1.596239049116678,0.11853411897356785,-1.2552908065835935,0.8030498491842256,0.3031901671814291
0.6752046130260778,-0.55572540311693,-0.7426904076150355,-1.4822363892731363,0.7379641390322144,-0.10433693052894207,-1.064929207690103,1.5294251782204753
0.6644198307260225,-1.1560948489483747,-0.6131957979038241,2.0700642323761866,0.8140135937910316,-1.175793860849613,0.6890194096072726,-0.011644306226720856
0.6432877306536786,-0.2623038478434519,-1.4753572783496176,0.8076215022992521,1.317111913716123,-0.6224728729914496,1.2728347304400383,1.3284453454002911
0.6366804106507983,1.5752382423317586,1.1162387923184707,0.39811504782112833,-1.0858809288879923,-1.4136235108616746,1.022138845047341,-1.9210110695058389
0.6325513990289482,-0.911066543099845,-0.4428081535469542,0.3747728952751647,1.3381772907331906,0.1662925475401242,0.12436829801084852,0.808735170004426
0.644934631079866,0.3741275726895647,-1.1754750242815108,0.043311689231989164,-0.4680940915168905,0.6098193860165296,-0.10843712624898717,0.9020573460435187
-1.8830087907672475,2.0591252387873658,-0.8295881062370539,-0.05623345524133132,-0.6446247692242003,-1.8293444081250554,-0.5609094422667501,-0.4133957706663709
-1.8906835749222246,-0.647664123457981,-0.18211505768094485,0.22512644363881026,-0.05015931771960752,-0.07329820853715342,0.0765677174079189,-0.018234394791290957
0.6290801334936492,0.6014538002046862,-1.1379897425229808,0.6382385925060691,-1.4930791254866929,-0.5214595366596599,0.5853302270775006,0.3895794047679477
-1.8894183644091933,-0.6650000436792454,-0.8295881062370539,-1.51295423041084,0.3621456643206421,-0.23580813281632892,-3.536533402855131,0.7108487350323919
-0.6200412341743529,1.2857848678155264,-0.003208031106236652,-1.8578383073986886,-1.4398485315445768,0.7873419670901948,1.8322736136525786,-0.5247889621054004
0.6539364566968797,0.13981917745945024,-0.6813508556466071,-0.5450658470190036,-0.7066247224948768,-0.9488985167432371,-0.46742249041120276,0.5747091867543873
0.6285454859252105,-0.8935928103148403,1.1162387923184707,0.13554462376782597,1.138217307828575,0.49097253352518266,0.6188316210675419,0.41126717292985343
0.6413550557500288,1.382124925126841,-1.749681385764163,0.5478109609444713,1.2255424436576563,-2.4897321123503855,-0.7340932624172195,0.9750910728448524
0.6566625114090054,-0.8870242200887527,-0.8858160288748121,-0.3581330213751402,1.251016415681586,0.8851636848859545,0.12008693403345692,0.6313243126307969
-0.6224048947364287,0.3605117808626506,1.1162387923184707,0.09483950298344639,-0.751800050039644,0.3150843824668252,0.33409246298503104,-0.38741001706601924
0.6511749090481621,-0.6505335549433596,1.1162387923184707,1.4216424393828457,0.08604013410239221,0.008571595895714764,0.6792425420067939,-0.28533232597085023
-0.6154333495986835,1.8627161729565456,1.1162387923184707,-1.010215573268376,-0.9950650051462301,-0.4186016734483451,-0.020445317844540664,-1.429123106685535
0.1321621200091541,-1.080406212203438,-0.3013864087307616,1.7464970786233298,1.4607258506425045,-0.18479167078948372,1.8003605779648828,1.161552273842774
0.6352291439107255,-1.1469469074456298,-0.003208031106236652,0.397045417621007,1.1664678619046636,-0.24696180456569095,0.3561726243338767,0.4469280283852659
0.6410123798980835,-0.912169155447914,1.1162387923184707,0.6154875087951193,0.8004118979812049,0.3676889296126314,0.028254251947294286,-0.07589571537490872
0.6128854952652276,-0.7396660463351055,-1.431056490816821,1.7505594241292426,1.6537085285020032,1.1807256579409036,-0.9007823809148069,0.911756535872836
0.6571240604294928,1.6121843395702138,-1.3254161513155576,1.0886072886229583,0.6386237379822219,-1.3803973097570168,0.9559608508342189,0.10953581918401092
0.6161319722021756,-0.6165744870079096,1.1162387923184707,-0.09704315755597766,-0.7402283710483423,-0.7416534087376931,0.4722214675222811,-0.2291898192234925
0.6496040649146132,0.43066024909497697,-0.003208031106236652,1.3364372422193518,0.5824670025500387,-0.7940107831018884,1.547789997569056,0.3638902322124765
0.6319826669737775,-0.4224898577187392,-1.2487417113549846,-0.08159986109060989,0.2921493834728388,-0.42013105503157555,-0.6661050439801376,-0.2930805100855482
-0.6135021535673989,1.6347566619014149,1.1162387923184707,-0.08477163395738893,0.06048394955933642,-1.0998747411230088,-1.364568499285232,0.27894386777040175
-1.825166430899708,-0.6458819265746654,-0.23834298031870674,-0.7689759114087715,-1.6213378828036284,-0.2517013426440589,0.019763558382538633,-2.506602028599199
0.6425626606636086,-0.17990644572771244,1.1162387923184707,1.8009804107872687,-1.5202580422504879,-0.9173098353134959,1.1136567368486592,-0.07509387101132854
-1.8703183758009327,-0.6725030416716472,-0.8295881062370539,-2.236923268903056,-1.2863022381861673,-0.1264403564820973,-1.426316918763207,-1.6266158325253381
-0.6208677125546652,-0.06775693554984318,1.1162387923184707,-0.6079399371756525,-1.0056117790164343,0.6730709007099138,0.17383863577704414,-1.6510687127079235
0.6500935012424448,-1.1523839192420853,-0.6131957979038241,0.09850236402557622,1.1043527310300787,-0.5103923753840262,0.4542225946322681,0.42074970843254084
-0.6208255999037304,0.10734132197869689,-0.003208031106236652,0.6852235655662197,0.1692954627781852,0.13218888306278329,1.1540860383095406,0.5104278480394762
0.6340233699819953,0.6081741268445331,1.1162387923184707,-0.22809026877838706,-0.4124714500026813,-0.10942868982011304,-1.0853511373781588,-2.1293152703738976
-1.980070775130517,-0.6688982743318674,1.1162387923184707,0.8461929567801898,0.7265950757099301,0.3273626903697225,-0.17737781940956324,1.3423726449237978
0.6708632071647129,1.6243195899713438,1.1162387923184707,0.6316760908467364,-1.848236551084973,1.4838099814851253,0.9176007372298642,-1.5459533939402343
0.6248363332078684,0.6480435895175344,1.1162387923184707,-0.9948910810714364,0.3488396379102903,-0.10893434425777626,0.3427126383659923,1.2853434189220265
0.5879818481465704,2.14096250714033,-0.28945927362574775,1.1584668151942417,-0.41544892298571784,-0.10274266609032062,0.6401103998261988,0.5696012818100754
-0.6373509421602686,0.6152371255844361,1.1162387923184707,-0.020138481485929793,0.5731690212406384,-0.740096220216149,-0.0992622860639955,-0.4636969090916337
0.6457909685973141,1.8524204341424884,-0.28605152073862544,1.4605283601452363,-1.3684669574298736,1.8071737724104004,1.0823433874588424,0.45454778338881546
0.6471877283276161,0.6226248743604165,-0.38658023090919713,-0.046334303572355566,0.17708791193156365,1.6135756915832913,1.7246902519923133,0.9290855316796297
0.6166433803478649,-0.7631929073001227,-1.8876953776932566,1.8071839876090712,0.38423200420015274,-0.8880476676866751,-0.001129116045011602,0.17052289535910412
0.6406420984287814,-0.9003896901702529,-0.9045586697540585,-0.6522758707336922,0.9496917640356727,0.28690668541666386,-1.1620277837808666,0.18656871682920279
0.6398411129910493,1.622729391236775,1.1162387923184707,0.12398302861129351,-1.4647140816486977,-0.3058383610331471,-0.23243820593587838,0.4716645919684878
0.6762850349168994,-0.8932995986378428,-0.621715180121672,1.0092963376048272,-0.01319045861785094,0.05968692703497673,0.6862028649531571,0.8372810527019278
0.628744218201058,-0.21857275355331554,-0.6557927089930424,-0.07146316666892391,0.8155831055198748,2.489410813931665,0.47015696190114337,0.7309484493154642
0.6005735307774115,0.6042652156483193,-1.2896347460006226,0.2131663307135376,0.352152120748999,-0.18453213936931065,-0.14585196856884067,0.048730777314321315
-0.5940108271643516,1.6077373470615302,1.1162387923184707,-0.6904458050769701,0.3477603624718398,0.21920606066288092,-0.1700178856839607,0.1385261782836178
-0.6118195489371377,0.9657295561703351,-0.003208031106236652,-0.21398406727055586,0.23694254916365473,-3.9770498580661573,1.41890966846667,0.7271759837721852
0.6460005459371096,1.6176713150614168,1.1162387923184707,-0.4808068098275094,-1.8743234622000648,-1.2562053458738598,0.27104454310906967,-0.4709403109607285
0.6352125242023278,0.6040790051239762,-0.2536778683108429,1.1054976062319446,0.9090543868600266,-0.31568819636135115,-0.7992870867751585,0.11192571742636641
-0.6115549012076483,-1.1677592358059201,1.1162387923184707,-2.5401844093998114,-0.6698939738836839,-2.043445756982835,-1.0703994992766714,-2.1058116262577946
0.6489229385603102,-0.6487958976043792,1.1162387923184707,0.4585362145256266,0.6396969357719153,1.1848421440583312,0.32479732536855793,-0.3716947609602636
0.6441270259277391,1.2216706457550897,-0.0884018532846734,-0.8886105098419623,-1.373039238301482,1.9918489158382604,-3.0149107736014704,0.5237252865308705
-1.8816485098884155,-0.6631978836856623,-0.14122202303531062,-1.774774865285111,-1.0377322348796234,-0.748401225662509,-0.6675471724705625,-1.8733672195922562
0.6888103091366464,-0.39579020427897893,-0.9778253568275552,-1.4950819484176459,0.5946558092823483,-0.6897718419759683,1.7414922734903107,0.39893351115949566
-1.8515532461478708,-0.6296222528569498,1.1162387923184707,0.9017637789102803,0.5554042181559241,0.42225850036884327,0.17051839064994057,1.061596455018845
0.6473989958072588,1.274458617332082,1.192913232278994,-0.5628910557068487,-0.11510755567861586,-0.29158303437026095,-0.718073714482032,-0.8603690380447584
-1.8672641522704396,-0.6472034341472209,-0.14122202303531062,0.822744794314434,-0.2944469604267933,-0.23892868917844545,0.4169611855633684,0.1562560962721971
0.6472663198300469,-0.40984294776872915,-0.003208031106236652,1.809414405490247,0.8030028653548258,0.6258114649562339,1.3137232511379953,1.1763942119926687
-0.6139878575030432,1.6259006179773812,1.1162387923184707,-0.2134365803775053,-0.3868269752917404,0.32684362752924995,-1.0349398503908993,1.0327244740564823
-1.8830538611629126,-0.5451477366490665,-0.26730887985938157,-3.00075528146681,-1.6409565930413779,-0.8143252960523356,-1.4533249527408896,-2.4974101895976615
0.6894848861991119,-0.8940792783198153,-1.1550285069586816,0.17604091454808615,-0.5239056329252054,0.034994366198929296,-0.8314765544349183,-0.24911084952585413
0.6435597023224625,0.6026251370976262,-0.890927658205521,2.444173661392862,0.5722579488383377,-0.0056902735761268555,1.2044056615353522,0.035000030169604575
0.6518009650128057,0.09929543363325359,-0.12418325859959033,-0.8553629900487476,0.011649220413812842,0.23679858336010828,-0.1212495230495768,0.09939326972748008
-0.6149034907597729,0.6008510205208442,-0.003208031106236652,0.26393065382593955,0.4753860587523562,-0.6772463612922819,1.4190717458444349,-0.5441985095128893
-1.8936583618803677,0.3541057473916004,0.34097501049462775,0.8081891291023753,1.1718416532400049,-1.132254375451768,-0.08000263126071064,0.6333155222411412
-1.8346940308510125,-1.2720443679212021,1.1162387923184707,0.6189591474926645,0.3742018304751255,-0.9962660905890458,-0.6091721234824262,0.7436104429004263
0.6356792844873245,0.6082357217071628,1.1162387923184707,-0.13172298306693592,0.9148784991168224,0.16535329097210164,0.47361983512069117,0.12306778040014556
-0.5824398481500864,-0.6582391757090267,1.1162387923184707,0.07743512044566225,-0.2915868517692686,0.9574308267713445,-0.5704006935103715,-0.8482415872594878
0.6594761717027124,-0.8792512447955904,0.6544882761112937,-0.340147782163275,0.012351928019886634,0.017074339566465736,-0.18790924724666985,1.2565618967249017
0.6151252122392632,0.617090367654294,-0.8824082759876754,1.3421541011167955,-1.6437563579752061,-0.6673965259637618,1.4897915083552702,-0.12587362478685302
